639501
621235
621641
625086
621731
607274
625083
620954
626008
621238
625617
641468
723926
621636
639575
615707
639259
626028
641496
638599
629330
628278
625845
625700
629351
638555
641467
629410
607222
625628
625668
641506
639173
629420
615705
641512
621643
615756
641412
625803
629310
625637
621696
625607
621733
621714
621719
635688
639529
607228
621722
639661
625681
625682
625880
638571
620941
640493
641452
628094
639208
638526
626023
626312
641501
625877
621751
621752
625656
621671
626134
629339
621290
639222
625630
621269
639552
629312
641479
640473
620958
625690
615716
638593
641488
607277
626311
639234
625981
628274
625810
625659
628037
639263
639209
607278
621780
629497
639129
621743
639158
625621
638563
640480
625994
629466
621288
628228
622305
621620
640488
628080
639204
621753
628283
607258
625866
648954
629451
626049
621771
641477
615717
639473
621810
639627
648964
606374
625688
625805
639202
621637
628052
625697
638539
629494
639165
621685
641459
606376
643161
641453
628092
639632
625666
628273
626315
615720
628076
607234
607298
621777
626045
627830
606346
639418
615741
629338
621683
628024
607244
639301
621764
628039
621605
639846
625633
635700
625855
639216
606385
625847
639432
626144
625807
621239
626015
639160
621745
628079
641410
615721
607297
621278
621248
621727
625640
620945
626317
621750
639240
621713
639221
621747
606345
621271
629485
639607
628029
639296
641447
638547
639179
639513
607236
641403
620950
607230
607289
639118
638521
625675
615734
639287
629511
626128
628226
626104
621762
621800
621758
626308
628084
639220
621736
626201
626025
629354
615760
639292
607249
629438
625614
607268
648958
625863
641417
621294
628218
641422
629419
620963
625831
625851
643162
607208
640497
621624
639560
625873
626141
607207
615746
641472
628266
648057
621644
607267
615731
625812
621625
639564
626013
621670
625840
621251
628286
635681
640492
639135
625865
607272
625874
626030
628293
639121
621804
639125
648959
639642
641464
638567
621255
626037
621765
641434
621265
626120
621693
639510
621614
641478
621710
615735
641509
639174
628251
629406
641481
639411
638534
629343
625988
639291
621797
639231
627421
626024
625816
621680
625626
632995
640498
639413
629449
607301
629481
639650
628271
638554
639672
620953
628028
628055
635696
629302
621664
639619
641513
621660
606367
606363
626016
621427
639434
629436
625849
621816
626319
628264
607252
641440
648956
629467
606362
640494
629355
615728
621253
639101
625647
633000
628219
620965
629336
639652
625664
625691
638549
629475
625650
621629
626019
621608
626040
622306
620944
635666
628065
628217
628011
641454
621657
625615
626112
626039
621755
629468
639616
621840
607209
626309
639622
639541
638544
621712
639507
625100
648976
626032
620940
625998
625832
621615
620947
626107
641474
607221
625611
628241
621431
626316
621782
626305
621668
638525
640474
607263
626047
628240
606365
639136
621690
607243
626125
639459
640499
629334
615727
629458
620943
621775
626126
607304
641421
621281
641510
640500
625671
641432
625078
615719
625827
607270
606334
639161
639247
626041
640485
639481
621802
607273
625094
625646
625992
607205
626021
625842
625639
621686
639595
641473
639498
639470
625868
639201
648969
621267
621692
606379
648974
626122
621717
629407
639132
607250
621726
607214
621282
621796
625658
615736
615703
639604
621786
625984
640486
621706
625679
639551
625809
618384
625811
638565
641465
626209
639839
629319
625867
625676
625648
625815
632994
638531
629509
638529
621737
639618
621653
641500
629417
621699
639288
641442
620966
625660
607217
607254
627825
638594
628090
607223
639603
628034
621689
621709
621275
648962
648968
606339
640483
622301
641405
621258
615742
632999
627819
621767
621676
607283
607227
639273
625620
639609
639649
621707
621669
618400
607226
621682
621072
625074
628235
626007
621632
606389
641435
638568
639517
625860
625825
607302
606391
621279
607255
606394
643164
641483
625829
627826
634692
621799
626033
625085
639104
625624
626124
625986
621770
625808
621789
607204
629437
639456
621250
625858
607224
639539
723927
627420
628244
629462
635675
621628
628095
638595
638564
607220
628294
626135
621430
629346
639509
625822
626205
639640
628089
625878
626017
626109
620999
626313
622309
621735
629403
625698
625861
607210
627811
629311
639219
621237
639495
639294
621778
621724
607259
625848
621702
639299
625622
626018
606377
639608
638561
625870
626208
627418
629445
621738
629303
639450
626207
621627
621715
639423
628216
641426
621720
606336
634687
615751
607251
607213
625097
626106
628224
622307
639285
628295
639457
639658
607241
606386
621734
621769
625692
625828
629492
638576
607229
639572
621607
632996
629501
621602
615738
606332
640491
639669
638542
628019
625699
628063
621808
640465
621260
639621
641476
639175
625683
606338
639571
629301
641497
634691
629432
621626
628238
628250
621787
639127
621654
648957
627827
629503
625985
626314
606348
621291
629448
627809
607290
639494
628288
621774
639625
639298
629447
626034
621429
615748
621613
626001
615752
641455
606357
641503
621635
621601
639274
625625
641420
639182
641498
641450
625838
628049
628236
607245
639205
621815
639602
625632
621704
639643
629452
621639
625859
606361
606356
641457
628290
626323
621806
626143
606364
641491
626132
606358
